1294.0 : 	1294.0
1323.8 : 	1294.0	29.8
1323.9 : 	1294.0	29.9
1333.0 : 	1294.0	39.0
1347.0 : 	1294.0	53.0
1353.0 : 	1294.0	59.0
1353.7 : 	1294.0	29.9	29.8
1362.8 : 	1294.0	29.8	39.0
1362.9 : 	1294.0	29.9	39.0
1376.8 : 	1294.0	53.0	29.8
1376.9 : 	1294.0	53.0	29.9
1378.9 : 	1294.0	84.9
1382.8 : 	1294.0	59.0	29.8
1382.9 : 	1294.0	59.0	29.9
1386.0 : 	1294.0	53.0	39.0
1392.0 : 	1294.0	59.0	39.0
1392.7 : 	1294.0	29.9	29.8	39.0
1406.0 : 	1294.0	59.0	53.0
1406.7 : 	1294.0	53.0	29.9	29.8
1408.7 : 	1294.0	84.9	29.8
1408.8 : 	1294.0	84.9	29.9
1412.7 : 	1294.0	59.0	29.9	29.8
1415.8 : 	1294.0	53.0	29.8	39.0
1415.9 : 	1294.0	53.0	29.9	39.0
1417.9 : 	1294.0	84.9	39.0
1421.8 : 	1294.0	59.0	29.8	39.0
1421.9 : 	1294.0	59.0	29.9	39.0
1431.9 : 	1294.0	53.0	84.9
1435.8 : 	1294.0	59.0	53.0	29.8
1435.9 : 	1294.0	59.0	53.0	29.9
1437.9 : 	1294.0	59.0	84.9
1438.6 : 	1294.0	84.9	29.9	29.8
1445.0 : 	1294.0	59.0	53.0	39.0
1445.7 : 	1294.0	53.0	29.9	29.8	39.0
1447.7 : 	1294.0	84.9	29.8	39.0
1447.8 : 	1294.0	84.9	29.9	39.0
1451.7 : 	1294.0	59.0	29.9	29.8	39.0
1461.7 : 	1294.0	53.0	84.9	29.8
1461.8 : 	1294.0	53.0	84.9	29.9
1465.7 : 	1294.0	59.0	53.0	29.9	29.8
1467.7 : 	1294.0	59.0	84.9	29.8
1467.8 : 	1294.0	59.0	84.9	29.9
1470.9 : 	1294.0	53.0	84.9	39.0
1474.8 : 	1294.0	59.0	53.0	29.8	39.0
1474.9 : 	1294.0	59.0	53.0	29.9	39.0
1476.9 : 	1294.0	59.0	84.9	39.0
1477.6 : 	1294.0	84.9	29.9	29.8	39.0
1490.9 : 	1294.0	59.0	53.0	84.9
1491.6 : 	1294.0	53.0	84.9	29.9	29.8
1497.6 : 	1294.0	59.0	84.9	29.9	29.8
1500.7 : 	1294.0	53.0	84.9	29.8	39.0
1500.8 : 	1294.0	53.0	84.9	29.9	39.0
1504.7 : 	1294.0	59.0	53.0	29.9	29.8	39.0
1506.7 : 	1294.0	59.0	84.9	29.8	39.0
1506.8 : 	1294.0	59.0	84.9	29.9	39.0
1520.7 : 	1294.0	59.0	53.0	84.9	29.8
1520.8 : 	1294.0	59.0	53.0	84.9	29.9
1529.9 : 	1294.0	59.0	53.0	84.9	39.0
1530.6 : 	1294.0	53.0	84.9	29.9	29.8	39.0
1536.6 : 	1294.0	59.0	84.9	29.9	29.8	39.0
1550.6 : 	1294.0	59.0	53.0	84.9	29.9	29.8
1559.7 : 	1294.0	59.0	53.0	84.9	29.8	39.0
1559.8 : 	1294.0	59.0	53.0	84.9	29.9	39.0
1589.6 : 	1294.0	59.0	53.0	84.9	29.9	29.8	39.0
1744.0 : 	1294.0	450.0
1763.0 : 	1294.0	469.0
1773.8 : 	1294.0	450.0	29.8
1773.9 : 	1294.0	450.0	29.9
1783.0 : 	1294.0	450.0	39.0
1792.8 : 	1294.0	29.8	469.0
1792.9 : 	1294.0	29.9	469.0
1797.0 : 	1294.0	450.0	53.0
1802.0 : 	1294.0	469.0	39.0
1803.0 : 	1294.0	59.0	450.0
1803.7 : 	1294.0	450.0	29.9	29.8
1812.8 : 	1294.0	450.0	29.8	39.0
1812.9 : 	1294.0	450.0	29.9	39.0
1816.0 : 	1294.0	53.0	469.0
1822.0 : 	1294.0	59.0	469.0
1822.7 : 	1294.0	29.9	29.8	469.0
1826.8 : 	1294.0	450.0	53.0	29.8
1826.9 : 	1294.0	450.0	53.0	29.9
1828.9 : 	1294.0	450.0	84.9
1831.8 : 	1294.0	29.8	469.0	39.0
1831.9 : 	1294.0	29.9	469.0	39.0
1832.8 : 	1294.0	59.0	450.0	29.8
1832.9 : 	1294.0	59.0	450.0	29.9
1836.0 : 	1294.0	450.0	53.0	39.0
1842.0 : 	1294.0	59.0	450.0	39.0
1842.7 : 	1294.0	450.0	29.9	29.8	39.0
1845.8 : 	1294.0	53.0	29.8	469.0
1845.9 : 	1294.0	53.0	29.9	469.0
1847.9 : 	1294.0	84.9	469.0
1851.8 : 	1294.0	59.0	29.8	469.0
1851.9 : 	1294.0	59.0	29.9	469.0
1855.0 : 	1294.0	53.0	469.0	39.0
1856.0 : 	1294.0	59.0	450.0	53.0
1856.7 : 	1294.0	450.0	53.0	29.9	29.8
1858.7 : 	1294.0	450.0	84.9	29.8
1858.8 : 	1294.0	450.0	84.9	29.9
1861.0 : 	1294.0	59.0	469.0	39.0
1861.7 : 	1294.0	29.9	29.8	469.0	39.0
1862.7 : 	1294.0	59.0	450.0	29.9	29.8
1865.8 : 	1294.0	450.0	53.0	29.8	39.0
1865.9 : 	1294.0	450.0	53.0	29.9	39.0
1867.9 : 	1294.0	450.0	84.9	39.0
1871.8 : 	1294.0	59.0	450.0	29.8	39.0
1871.9 : 	1294.0	59.0	450.0	29.9	39.0
1875.0 : 	1294.0	59.0	53.0	469.0
1875.7 : 	1294.0	53.0	29.9	29.8	469.0
1877.7 : 	1294.0	84.9	29.8	469.0
1877.8 : 	1294.0	84.9	29.9	469.0
1881.7 : 	1294.0	59.0	29.9	29.8	469.0
1881.9 : 	1294.0	450.0	53.0	84.9
1884.8 : 	1294.0	53.0	29.8	469.0	39.0
1884.9 : 	1294.0	53.0	29.9	469.0	39.0
1885.8 : 	1294.0	59.0	450.0	53.0	29.8
1885.9 : 	1294.0	59.0	450.0	53.0	29.9
1886.9 : 	1294.0	84.9	469.0	39.0
1887.9 : 	1294.0	59.0	450.0	84.9
1888.6 : 	1294.0	450.0	84.9	29.9	29.8
1890.8 : 	1294.0	59.0	29.8	469.0	39.0
1890.9 : 	1294.0	59.0	29.9	469.0	39.0
1895.0 : 	1294.0	59.0	450.0	53.0	39.0
1895.7 : 	1294.0	450.0	53.0	29.9	29.8	39.0
1897.7 : 	1294.0	450.0	84.9	29.8	39.0
1897.8 : 	1294.0	450.0	84.9	29.9	39.0
1900.9 : 	1294.0	53.0	84.9	469.0
1901.7 : 	1294.0	59.0	450.0	29.9	29.8	39.0
1904.8 : 	1294.0	59.0	53.0	29.8	469.0
1904.9 : 	1294.0	59.0	53.0	29.9	469.0
1906.9 : 	1294.0	59.0	84.9	469.0
1907.6 : 	1294.0	84.9	29.9	29.8	469.0
1911.7 : 	1294.0	450.0	53.0	84.9	29.8
1911.8 : 	1294.0	450.0	53.0	84.9	29.9
1914.0 : 	1294.0	59.0	53.0	469.0	39.0
1914.7 : 	1294.0	53.0	29.9	29.8	469.0	39.0
1915.7 : 	1294.0	59.0	450.0	53.0	29.9	29.8
1916.7 : 	1294.0	84.9	29.8	469.0	39.0
1916.8 : 	1294.0	84.9	29.9	469.0	39.0
1917.7 : 	1294.0	59.0	450.0	84.9	29.8
1917.8 : 	1294.0	59.0	450.0	84.9	29.9
1920.7 : 	1294.0	59.0	29.9	29.8	469.0	39.0
1920.9 : 	1294.0	450.0	53.0	84.9	39.0
1924.8 : 	1294.0	59.0	450.0	53.0	29.8	39.0
1924.9 : 	1294.0	59.0	450.0	53.0	29.9	39.0
1926.9 : 	1294.0	59.0	450.0	84.9	39.0
1927.6 : 	1294.0	450.0	84.9	29.9	29.8	39.0
1930.7 : 	1294.0	53.0	84.9	29.8	469.0
1930.8 : 	1294.0	53.0	84.9	29.9	469.0
1934.7 : 	1294.0	59.0	53.0	29.9	29.8	469.0
1936.7 : 	1294.0	59.0	84.9	29.8	469.0
1936.8 : 	1294.0	59.0	84.9	29.9	469.0
1939.9 : 	1294.0	53.0	84.9	469.0	39.0
1940.9 : 	1294.0	59.0	450.0	53.0	84.9
1941.6 : 	1294.0	450.0	53.0	84.9	29.9	29.8
1943.8 : 	1294.0	59.0	53.0	29.8	469.0	39.0
1943.9 : 	1294.0	59.0	53.0	29.9	469.0	39.0
1945.9 : 	1294.0	59.0	84.9	469.0	39.0
1946.6 : 	1294.0	84.9	29.9	29.8	469.0	39.0
1947.6 : 	1294.0	59.0	450.0	84.9	29.9	29.8
1950.7 : 	1294.0	450.0	53.0	84.9	29.8	39.0
1950.8 : 	1294.0	450.0	53.0	84.9	29.9	39.0
1954.7 : 	1294.0	59.0	450.0	53.0	29.9	29.8	39.0
1956.7 : 	1294.0	59.0	450.0	84.9	29.8	39.0
1956.8 : 	1294.0	59.0	450.0	84.9	29.9	39.0
1959.9 : 	1294.0	59.0	53.0	84.9	469.0
1960.6 : 	1294.0	53.0	84.9	29.9	29.8	469.0
1966.6 : 	1294.0	59.0	84.9	29.9	29.8	469.0
1969.7 : 	1294.0	53.0	84.9	29.8	469.0	39.0
1969.8 : 	1294.0	53.0	84.9	29.9	469.0	39.0
1970.7 : 	1294.0	59.0	450.0	53.0	84.9	29.8
1970.8 : 	1294.0	59.0	450.0	53.0	84.9	29.9
1973.7 : 	1294.0	59.0	53.0	29.9	29.8	469.0	39.0
1975.7 : 	1294.0	59.0	84.9	29.8	469.0	39.0
1975.8 : 	1294.0	59.0	84.9	29.9	469.0	39.0
1979.9 : 	1294.0	59.0	450.0	53.0	84.9	39.0
1980.6 : 	1294.0	450.0	53.0	84.9	29.9	29.8	39.0
1986.6 : 	1294.0	59.0	450.0	84.9	29.9	29.8	39.0
1989.7 : 	1294.0	59.0	53.0	84.9	29.8	469.0
1989.8 : 	1294.0	59.0	53.0	84.9	29.9	469.0
1998.9 : 	1294.0	59.0	53.0	84.9	469.0	39.0
1999.6 : 	1294.0	53.0	84.9	29.9	29.8	469.0	39.0
2000.6 : 	1294.0	59.0	450.0	53.0	84.9	29.9	29.8
2005.6 : 	1294.0	59.0	84.9	29.9	29.8	469.0	39.0
2009.7 : 	1294.0	59.0	450.0	53.0	84.9	29.8	39.0
2009.8 : 	1294.0	59.0	450.0	53.0	84.9	29.9	39.0
2019.6 : 	1294.0	59.0	53.0	84.9	29.9	29.8	469.0
2028.7 : 	1294.0	59.0	53.0	84.9	29.8	469.0	39.0
2028.8 : 	1294.0	59.0	53.0	84.9	29.9	469.0	39.0
2039.6 : 	1294.0	59.0	450.0	53.0	84.9	29.9	29.8	39.0
2058.6 : 	1294.0	59.0	53.0	84.9	29.9	29.8	469.0	39.0
2213.0 : 	1294.0	450.0	469.0
2242.8 : 	1294.0	450.0	29.8	469.0
2242.9 : 	1294.0	450.0	29.9	469.0
2252.0 : 	1294.0	450.0	469.0	39.0
2266.0 : 	1294.0	450.0	53.0	469.0
2272.0 : 	1294.0	59.0	450.0	469.0
2272.7 : 	1294.0	450.0	29.9	29.8	469.0
2281.8 : 	1294.0	450.0	29.8	469.0	39.0
2281.9 : 	1294.0	450.0	29.9	469.0	39.0
2295.8 : 	1294.0	450.0	53.0	29.8	469.0
2295.9 : 	1294.0	450.0	53.0	29.9	469.0
2297.9 : 	1294.0	450.0	84.9	469.0
2301.8 : 	1294.0	59.0	450.0	29.8	469.0
2301.9 : 	1294.0	59.0	450.0	29.9	469.0
2305.0 : 	1294.0	450.0	53.0	469.0	39.0
2311.0 : 	1294.0	59.0	450.0	469.0	39.0
2311.7 : 	1294.0	450.0	29.9	29.8	469.0	39.0
2325.0 : 	1294.0	59.0	450.0	53.0	469.0
2325.7 : 	1294.0	450.0	53.0	29.9	29.8	469.0
2327.7 : 	1294.0	450.0	84.9	29.8	469.0
2327.8 : 	1294.0	450.0	84.9	29.9	469.0
2331.7 : 	1294.0	59.0	450.0	29.9	29.8	469.0
2334.8 : 	1294.0	450.0	53.0	29.8	469.0	39.0
2334.9 : 	1294.0	450.0	53.0	29.9	469.0	39.0
2336.9 : 	1294.0	450.0	84.9	469.0	39.0
2340.8 : 	1294.0	59.0	450.0	29.8	469.0	39.0
2340.9 : 	1294.0	59.0	450.0	29.9	469.0	39.0
2350.9 : 	1294.0	450.0	53.0	84.9	469.0
2354.8 : 	1294.0	59.0	450.0	53.0	29.8	469.0
2354.9 : 	1294.0	59.0	450.0	53.0	29.9	469.0
2356.9 : 	1294.0	59.0	450.0	84.9	469.0
2357.6 : 	1294.0	450.0	84.9	29.9	29.8	469.0
2364.0 : 	1294.0	59.0	450.0	53.0	469.0	39.0
2364.7 : 	1294.0	450.0	53.0	29.9	29.8	469.0	39.0
2366.7 : 	1294.0	450.0	84.9	29.8	469.0	39.0
2366.8 : 	1294.0	450.0	84.9	29.9	469.0	39.0
2370.7 : 	1294.0	59.0	450.0	29.9	29.8	469.0	39.0
2380.7 : 	1294.0	450.0	53.0	84.9	29.8	469.0
2380.8 : 	1294.0	450.0	53.0	84.9	29.9	469.0
2384.7 : 	1294.0	59.0	450.0	53.0	29.9	29.8	469.0
2386.7 : 	1294.0	59.0	450.0	84.9	29.8	469.0
2386.8 : 	1294.0	59.0	450.0	84.9	29.9	469.0
2389.9 : 	1294.0	450.0	53.0	84.9	469.0	39.0
2393.8 : 	1294.0	59.0	450.0	53.0	29.8	469.0	39.0
2393.9 : 	1294.0	59.0	450.0	53.0	29.9	469.0	39.0
2395.9 : 	1294.0	59.0	450.0	84.9	469.0	39.0
2396.6 : 	1294.0	450.0	84.9	29.9	29.8	469.0	39.0
2409.9 : 	1294.0	59.0	450.0	53.0	84.9	469.0
2410.6 : 	1294.0	450.0	53.0	84.9	29.9	29.8	469.0
2416.6 : 	1294.0	59.0	450.0	84.9	29.9	29.8	469.0
2419.7 : 	1294.0	450.0	53.0	84.9	29.8	469.0	39.0
2419.8 : 	1294.0	450.0	53.0	84.9	29.9	469.0	39.0
2423.7 : 	1294.0	59.0	450.0	53.0	29.9	29.8	469.0	39.0
2425.7 : 	1294.0	59.0	450.0	84.9	29.8	469.0	39.0
2425.8 : 	1294.0	59.0	450.0	84.9	29.9	469.0	39.0
2439.7 : 	1294.0	59.0	450.0	53.0	84.9	29.8	469.0
2439.8 : 	1294.0	59.0	450.0	53.0	84.9	29.9	469.0
2448.9 : 	1294.0	59.0	450.0	53.0	84.9	469.0	39.0
2449.6 : 	1294.0	450.0	53.0	84.9	29.9	29.8	469.0	39.0
2455.6 : 	1294.0	59.0	450.0	84.9	29.9	29.8	469.0	39.0
2469.6 : 	1294.0	59.0	450.0	53.0	84.9	29.9	29.8	469.0
2478.7 : 	1294.0	59.0	450.0	53.0	84.9	29.8	469.0	39.0
2478.8 : 	1294.0	59.0	450.0	53.0	84.9	29.9	469.0	39.0
2508.6 : 	1294.0	59.0	450.0	53.0	84.9	29.9	29.8	469.0	39.0
